

C = [0.113 0.8 0.004 2160 1.16E-3 2.78E-3 (2.78E-3)/2 ...
    1.456 0.92 ***C10*** 0.139 6*1.456 14*0.92 0.01 0.01 3.3E-2 ... 
     0.004 180 (3.3E-2)/2 1.775 0.01 0.92 3.85E-3 0.002 18 ... 
     0.98 1.96 1.16E-2 1.84E-3 123.6 1.84E-3 123.6 1.84E-3 12.36 ...
     1.84E-3 123.6 1.84E-3 123.6 1.84E-3 123.6 1.84E-3 12.36 ...
     1.84E-3 123.6 0.98 3*0.98 2.45 0.139]';
 